-add-discriminators:0.10345292091369629;0.10318160057067871;0.0002713203430175781
-adce:0.1031789779663086;0.10347199440002441;-0.0002930164337158203
-aggressive-instcombine:0.1033940315246582;0.13227081298828125;-0.028876781463623047
-alignment-from-assumptions:0.10353231430053711;0.10381078720092773;-0.000278472900390625
-always-inline:0.10598039627075195;0.10377025604248047;0.0022101402282714844
-annotation2metadata:0.10372138023376465;0.12761163711547852;-0.023890256881713867
-annotation-remarks:0.10359764099121094;0.10325193405151367;0.0003457069396972656
-assume-builder:0.10322308540344238;0.10360121726989746;-0.0003781318664550781
-assume-simplify:0.10341238975524902;0.12833189964294434;-0.024919509887695312
-attributor-cgscc:0.10344409942626953;0.09541654586791992;0.00802755355834961
-attributor:0.10435366630554199;0.10391640663146973;0.0004372596740722656
-bdce:0.10355544090270996;0.1298518180847168;-0.026296377182006836
-extract-blocks:0.10392212867736816;0.1036534309387207;0.00026869773864746094
-break-crit-edges:0.1035151481628418;0.10467052459716797;-0.0011553764343261719
-simplifycfg:0.10353636741638184;0.14750027656555176;-0.04396390914916992
-callsite-splitting:0.10374617576599121;0.1033320426940918;0.00041413307189941406
-called-value-propagation:0.1039729118347168;0.10364007949829102;0.00033283233642578125
-canon-freeze:0.10420608520507812;0.13375592231750488;-0.029549837112426758
-consthoist:0.1034233570098877;0.10400986671447754;-0.0005865097045898438
-constmerge:0.1035451889038086;0.10356998443603516;-2.47955322265625e-05
-constraint-elimination:0.10391521453857422;0.13849520683288574;-0.03457999229431152
-correlated-propagation:0.10356402397155762;0.10865354537963867;-0.005089521408081055
-cross-dso-cfi:0.10352778434753418;0.1034395694732666;8.821487426757812e-05
-dfa-jump-threading:0.10361385345458984;0.1264185905456543;-0.022804737091064453
-deadargelim:0.10338020324707031;0.10352897644042969;-0.000148773193359375
-dce:0.10345029830932617;0.10327816009521484;0.00017213821411132812
